0.000000000000000000e+00
2.541098841762901017e-21
5.082197683525802034e-21
-6.776263578034402713e-21
1.016439536705160407e-20
-1.694065894508600678e-20
-1.355252715606880543e-20
-1.355252715606880543e-20
2.032879073410320814e-20
0.000000000000000000e+00
-3.388131789017201356e-20
4.065758146820641628e-20
-1.355252715606880543e-20
5.421010862427522170e-20
0.000000000000000000e+00
1.355252715606880543e-20
4.065758146820641628e-20
0.000000000000000000e+00
1.355252715606880543e-20
-1.355252715606880543e-20
-2.710505431213761085e-20
2.710505431213761085e-20
-5.421010862427522170e-20
-5.421010862427522170e-20
-2.710505431213761085e-20
0.000000000000000000e+00
0.000000000000000000e+00
2.710505431213761085e-20
-2.710505431213761085e-20
-2.710505431213761085e-20
1.084202172485504434e-19
0.000000000000000000e+00
1.084202172485504434e-19
5.421010862427522170e-20
5.421010862427522170e-20
-5.421010862427522170e-20
-8.131516293641283255e-20
0.000000000000000000e+00
0.000000000000000000e+00
1.355252715606880543e-19
-5.421010862427522170e-20
5.421010862427522170e-20
5.421010862427522170e-20
-5.421010862427522170e-20
-5.421010862427522170e-20
-5.421010862427522170e-20
-1.626303258728256651e-19
0.000000000000000000e+00
0.000000000000000000e+00
0.000000000000000000e+00
0.000000000000000000e+00
1.626303258728256651e-19
1.084202172485504434e-19
-2.168404344971008868e-19
0.000000000000000000e+00
5.421010862427522170e-20
-5.421010862427522170e-20
-5.421010862427522170e-20
-5.421010862427522170e-20
1.084202172485504434e-19
5.421010862427522170e-20
-1.626303258728256651e-19
2.168404344971008868e-19
1.626303258728256651e-19
2.168404344971008868e-19
1.084202172485504434e-19
1.084202172485504434e-19
-5.421010862427522170e-20
1.084202172485504434e-19
0.000000000000000000e+00
-1.084202172485504434e-19
-2.168404344971008868e-19
-1.626303258728256651e-19
0.000000000000000000e+00
0.000000000000000000e+00
1.626303258728256651e-19
0.000000000000000000e+00
0.000000000000000000e+00
2.710505431213761085e-19
0.000000000000000000e+00
-1.084202172485504434e-19
1.084202172485504434e-19
1.084202172485504434e-19
-1.084202172485504434e-19
1.084202172485504434e-19
2.168404344971008868e-19
-1.084202172485504434e-19
2.168404344971008868e-19
-1.084202172485504434e-19
4.336808689942017736e-19
-1.084202172485504434e-19
-1.084202172485504434e-19
-3.252606517456513302e-19
3.252606517456513302e-19
0.000000000000000000e+00
0.000000000000000000e+00
0.000000000000000000e+00
1.084202172485504434e-19
0.000000000000000000e+00
4.336808689942017736e-19
0.000000000000000000e+00
-2.168404344971008868e-19
3.252606517456513302e-19
3.252606517456513302e-19
2.168404344971008868e-19
0.000000000000000000e+00
-4.336808689942017736e-19
1.084202172485504434e-19
0.000000000000000000e+00
-1.084202172485504434e-19
1.084202172485504434e-19
-6.505213034913026604e-19
-1.084202172485504434e-19
2.168404344971008868e-19
-1.084202172485504434e-19
1.084202172485504434e-19
-1.084202172485504434e-19
-1.084202172485504434e-19
2.168404344971008868e-19
1.084202172485504434e-19
1.084202172485504434e-19
2.168404344971008868e-19
-3.252606517456513302e-19
-2.168404344971008868e-19
4.336808689942017736e-19
-1.084202172485504434e-19
3.252606517456513302e-19
1.084202172485504434e-19
4.336808689942017736e-19
-1.084202172485504434e-19
2.168404344971008868e-19
1.084202172485504434e-19
2.168404344971008868e-19
3.252606517456513302e-19
-1.084202172485504434e-19
-1.084202172485504434e-19
2.168404344971008868e-19
6.505213034913026604e-19
0.000000000000000000e+00
0.000000000000000000e+00
-2.168404344971008868e-19
8.673617379884035472e-19
-4.336808689942017736e-19
-3.252606517456513302e-19
-3.252606517456513302e-19
2.168404344971008868e-19
0.000000000000000000e+00
-9.757819552369539906e-19
0.000000000000000000e+00
2.168404344971008868e-19
3.252606517456513302e-19
2.168404344971008868e-19
0.000000000000000000e+00
1.084202172485504434e-19
0.000000000000000000e+00
1.084202172485504434e-19
5.421010862427522170e-19
-2.168404344971008868e-19
0.000000000000000000e+00
2.168404344971008868e-19
-2.168404344971008868e-19
2.168404344971008868e-19
2.168404344971008868e-19
-5.421010862427522170e-19
2.168404344971008868e-19
-1.084202172485504434e-19
-2.168404344971008868e-19
-3.252606517456513302e-19
2.168404344971008868e-19
1.084202172485504434e-19
4.336808689942017736e-19
0.000000000000000000e+00
-2.168404344971008868e-19
2.168404344971008868e-19
4.336808689942017736e-19
2.168404344971008868e-19
0.000000000000000000e+00
-4.336808689942017736e-19
6.505213034913026604e-19
4.336808689942017736e-19
-2.168404344971008868e-19
-8.673617379884035472e-19
-2.168404344971008868e-19
0.000000000000000000e+00
-6.505213034913026604e-19
0.000000000000000000e+00
4.336808689942017736e-19
-4.336808689942017736e-19
-2.168404344971008868e-19
-6.505213034913026604e-19
4.336808689942017736e-19
-4.336808689942017736e-19
2.168404344971008868e-19
0.000000000000000000e+00
0.000000000000000000e+00
-6.505213034913026604e-19
0.000000000000000000e+00
4.336808689942017736e-19
2.168404344971008868e-19
-4.336808689942017736e-19
-4.336808689942017736e-19
8.673617379884035472e-19
-2.168404344971008868e-19
0.000000000000000000e+00
8.673617379884035472e-19
4.336808689942017736e-19
4.336808689942017736e-19
0.000000000000000000e+00
2.168404344971008868e-19
2.168404344971008868e-19
2.168404344971008868e-19
-2.168404344971008868e-19
-1.084202172485504434e-18
0.000000000000000000e+00
4.336808689942017736e-19
2.168404344971008868e-19
2.168404344971008868e-19
-2.168404344971008868e-19
-2.168404344971008868e-19
-8.673617379884035472e-19
0.000000000000000000e+00
0.000000000000000000e+00
-1.301042606982605321e-18
6.505213034913026604e-19
-2.168404344971008868e-19
8.673617379884035472e-19
2.168404344971008868e-19
-2.168404344971008868e-19
0.000000000000000000e+00
-4.336808689942017736e-19
2.168404344971008868e-19
0.000000000000000000e+00
0.000000000000000000e+00
6.505213034913026604e-19
-2.168404344971008868e-19
-2.168404344971008868e-19
6.505213034913026604e-19
-1.084202172485504434e-18
2.168404344971008868e-19
-2.168404344971008868e-19
-2.168404344971008868e-19
0.000000000000000000e+00
-4.336808689942017736e-19
4.336808689942017736e-19
-8.673617379884035472e-19
-4.336808689942017736e-19
-4.336808689942017736e-19
-2.168404344971008868e-19
2.168404344971008868e-19
-4.336808689942017736e-19
0.000000000000000000e+00
-1.517883041479706208e-18
2.168404344971008868e-19
4.336808689942017736e-19
-1.084202172485504434e-18
4.336808689942017736e-19
4.336808689942017736e-19
2.168404344971008868e-19
-2.168404344971008868e-19
-4.336808689942017736e-19
4.336808689942017736e-19
2.168404344971008868e-19
4.336808689942017736e-19
0.000000000000000000e+00
-2.168404344971008868e-19
-6.505213034913026604e-19
2.168404344971008868e-19
0.000000000000000000e+00
-4.336808689942017736e-19
-1.084202172485504434e-18
0.000000000000000000e+00
6.505213034913026604e-19
-4.336808689942017736e-19
4.336808689942017736e-19
2.168404344971008868e-19
4.336808689942017736e-19
-4.336808689942017736e-19
2.168404344971008868e-19
-1.084202172485504434e-18
2.168404344971008868e-19
-1.084202172485504434e-18
-4.336808689942017736e-19
6.505213034913026604e-19
-2.168404344971008868e-19
-4.336808689942017736e-19
2.168404344971008868e-19
-4.336808689942017736e-19
1.517883041479706208e-18
-6.505213034913026604e-19
2.168404344971008868e-19
1.084202172485504434e-18
0.000000000000000000e+00
2.168404344971008868e-19
2.168404344971008868e-19
-1.517883041479706208e-18
4.336808689942017736e-19
-2.168404344971008868e-19
8.673617379884035472e-19
1.084202172485504434e-18
-6.505213034913026604e-19
-2.168404344971008868e-19
0.000000000000000000e+00
4.336808689942017736e-19
2.168404344971008868e-19
0.000000000000000000e+00
2.168404344971008868e-19
6.505213034913026604e-19
8.673617379884035472e-19
2.168404344971008868e-19
-2.168404344971008868e-19
8.673617379884035472e-19
-2.168404344971008868e-19
6.505213034913026604e-19
1.951563910473907981e-18
4.336808689942017736e-19
0.000000000000000000e+00
0.000000000000000000e+00
-4.336808689942017736e-19
8.673617379884035472e-19
0.000000000000000000e+00
0.000000000000000000e+00
4.336808689942017736e-19
4.336808689942017736e-19
-8.673617379884035472e-19
-4.336808689942017736e-19
4.336808689942017736e-19
-8.673617379884035472e-19
4.336808689942017736e-19
8.673617379884035472e-19
-8.673617379884035472e-19
0.000000000000000000e+00
0.000000000000000000e+00
-4.336808689942017736e-19
-4.336808689942017736e-19
-2.168404344971008868e-18
-1.301042606982605321e-18
4.336808689942017736e-19
8.673617379884035472e-19
4.336808689942017736e-19
8.673617379884035472e-19
0.000000000000000000e+00
0.000000000000000000e+00
0.000000000000000000e+00
0.000000000000000000e+00
-8.673617379884035472e-19
-4.336808689942017736e-19
4.336808689942017736e-19
1.301042606982605321e-18
4.336808689942017736e-19
-1.734723475976807094e-18
4.336808689942017736e-19
-4.336808689942017736e-19
-4.336808689942017736e-19
-8.673617379884035472e-19
-8.673617379884035472e-19
-4.336808689942017736e-19
1.734723475976807094e-18
-4.336808689942017736e-19
-4.336808689942017736e-19
-4.336808689942017736e-19
-8.673617379884035472e-19
-4.336808689942017736e-19
-8.673617379884035472e-19
8.673617379884035472e-19
-4.336808689942017736e-19
8.673617379884035472e-19
4.336808689942017736e-19
4.336808689942017736e-19
-1.301042606982605321e-18
-4.336808689942017736e-19
-1.301042606982605321e-18
4.336808689942017736e-19
0.000000000000000000e+00
-4.336808689942017736e-19
-8.673617379884035472e-19
-8.673617379884035472e-19
0.000000000000000000e+00
-4.336808689942017736e-19
-1.301042606982605321e-18
-4.336808689942017736e-19
4.336808689942017736e-19
4.336808689942017736e-19
0.000000000000000000e+00
-4.336808689942017736e-19
-4.336808689942017736e-19
-4.336808689942017736e-19
-2.168404344971008868e-18
-8.673617379884035472e-19
-1.301042606982605321e-18
1.734723475976807094e-18
4.336808689942017736e-19
1.301042606982605321e-18
8.673617379884035472e-19
-1.301042606982605321e-18
4.336808689942017736e-19
1.734723475976807094e-18
1.301042606982605321e-18
-8.673617379884035472e-19
0.000000000000000000e+00
-8.673617379884035472e-19
-8.673617379884035472e-19
-8.673617379884035472e-19
0.000000000000000000e+00
-8.673617379884035472e-19
-4.336808689942017736e-19
-4.336808689942017736e-19
-4.336808689942017736e-19
-4.336808689942017736e-19
2.602085213965210642e-18
0.000000000000000000e+00
4.336808689942017736e-19
0.000000000000000000e+00
4.336808689942017736e-19
4.336808689942017736e-19
0.000000000000000000e+00
-1.301042606982605321e-18
0.000000000000000000e+00
8.673617379884035472e-19
4.336808689942017736e-19
1.301042606982605321e-18
4.336808689942017736e-19
8.673617379884035472e-19
0.000000000000000000e+00
-8.673617379884035472e-19
-2.602085213965210642e-18
0.000000000000000000e+00
4.336808689942017736e-19
1.301042606982605321e-18
0.000000000000000000e+00
1.301042606982605321e-18
-4.336808689942017736e-19
-8.673617379884035472e-19
0.000000000000000000e+00
1.301042606982605321e-18
-8.673617379884035472e-19
-4.336808689942017736e-19
-8.673617379884035472e-19
-1.301042606982605321e-18
-8.673617379884035472e-19
4.336808689942017736e-19
0.000000000000000000e+00
-8.673617379884035472e-19
0.000000000000000000e+00
-8.673617379884035472e-19
-2.168404344971008868e-18
-4.336808689942017736e-19
8.673617379884035472e-19
0.000000000000000000e+00
-4.336808689942017736e-19
-4.336808689942017736e-19
1.734723475976807094e-18
-8.673617379884035472e-19
8.673617379884035472e-19
-8.673617379884035472e-19
-1.734723475976807094e-18
0.000000000000000000e+00
-8.673617379884035472e-19
0.000000000000000000e+00
-2.168404344971008868e-18
0.000000000000000000e+00
4.336808689942017736e-19
-8.673617379884035472e-19
4.336808689942017736e-19
1.734723475976807094e-18
-1.734723475976807094e-18
0.000000000000000000e+00
1.301042606982605321e-18
-4.336808689942017736e-19
4.336808689942017736e-19
8.673617379884035472e-19
0.000000000000000000e+00
-1.301042606982605321e-18
1.734723475976807094e-18
8.673617379884035472e-19
-1.734723475976807094e-18
0.000000000000000000e+00
4.336808689942017736e-19
-8.673617379884035472e-19
0.000000000000000000e+00
0.000000000000000000e+00
0.000000000000000000e+00
0.000000000000000000e+00
-4.336808689942017736e-19
-1.734723475976807094e-18
0.000000000000000000e+00
-1.734723475976807094e-18
8.673617379884035472e-19
0.000000000000000000e+00
-8.673617379884035472e-19
0.000000000000000000e+00
1.301042606982605321e-18
-8.673617379884035472e-19
0.000000000000000000e+00
8.673617379884035472e-19
-4.336808689942017736e-19
-1.301042606982605321e-18
1.301042606982605321e-18
-1.301042606982605321e-18
-4.336808689942017736e-19
4.336808689942017736e-19
4.336808689942017736e-19
-1.301042606982605321e-18
-2.168404344971008868e-18
-8.673617379884035472e-19
4.336808689942017736e-19
-1.301042606982605321e-18
-1.734723475976807094e-18
-4.336808689942017736e-19
8.673617379884035472e-19
-8.673617379884035472e-19
8.673617379884035472e-19
-2.168404344971008868e-18
-4.336808689942017736e-19
8.673617379884035472e-19
4.336808689942017736e-19
-1.301042606982605321e-18
-4.336808689942017736e-19
8.673617379884035472e-19
-4.336808689942017736e-19
0.000000000000000000e+00
8.673617379884035472e-19
4.336808689942017736e-19
0.000000000000000000e+00
2.168404344971008868e-18
1.301042606982605321e-18
-3.035766082959412415e-18
-8.673617379884035472e-19
-1.734723475976807094e-18
0.000000000000000000e+00
-1.301042606982605321e-18
-1.734723475976807094e-18
0.000000000000000000e+00
2.168404344971008868e-18
-4.336808689942017736e-19
0.000000000000000000e+00
0.000000000000000000e+00
-2.602085213965210642e-18
-4.336808689942017736e-19
-2.602085213965210642e-18
0.000000000000000000e+00
-1.734723475976807094e-18
8.673617379884035472e-19
4.336808689942017736e-19
4.336808689942017736e-19
0.000000000000000000e+00
4.336808689942017736e-19
1.301042606982605321e-18
0.000000000000000000e+00
1.734723475976807094e-18
-2.602085213965210642e-18
2.168404344971008868e-18
-1.734723475976807094e-18
-4.336808689942017736e-19
-8.673617379884035472e-19
-4.336808689942017736e-19
-4.336808689942017736e-19
-2.168404344971008868e-18
-4.336808689942017736e-19
-8.673617379884035472e-19
-4.336808689942017736e-19
-4.336808689942017736e-19
-2.602085213965210642e-18
4.336808689942017736e-19
8.673617379884035472e-19
8.673617379884035472e-19
8.673617379884035472e-19
4.336808689942017736e-19
0.000000000000000000e+00
-2.168404344971008868e-18
-2.168404344971008868e-18
-4.336808689942017736e-19
-8.673617379884035472e-19
-2.168404344971008868e-18
0.000000000000000000e+00
8.673617379884035472e-19
-8.673617379884035472e-19
-1.734723475976807094e-18
-8.673617379884035472e-19
8.673617379884035472e-19
-2.168404344971008868e-18
4.336808689942017736e-19
4.336808689942017736e-19
-4.336808689942017736e-19
8.673617379884035472e-19
0.000000000000000000e+00
1.301042606982605321e-18
1.301042606982605321e-18
-8.673617379884035472e-19
-3.469446951953614189e-18
-1.734723475976807094e-18
2.168404344971008868e-18
0.000000000000000000e+00
-8.673617379884035472e-19
-2.168404344971008868e-18
1.734723475976807094e-18
4.336808689942017736e-19
4.336808689942017736e-19
-3.035766082959412415e-18
-4.336808689942017736e-19
-1.734723475976807094e-18
-8.673617379884035472e-19
8.673617379884035472e-19
-8.673617379884035472e-19
-8.673617379884035472e-19
-4.336808689942017736e-19
-8.673617379884035472e-19
8.673617379884035472e-19
-1.301042606982605321e-18
-8.673617379884035472e-19
-2.602085213965210642e-18
8.673617379884035472e-19
0.000000000000000000e+00
-1.734723475976807094e-18
4.336808689942017736e-19
2.168404344971008868e-18
-1.301042606982605321e-18
0.000000000000000000e+00
-2.602085213965210642e-18
-4.336808689942017736e-19
8.673617379884035472e-19
-4.336808689942017736e-19
8.673617379884035472e-19
-1.734723475976807094e-18
8.673617379884035472e-19
-8.673617379884035472e-19
8.673617379884035472e-19
3.903127820947815962e-18
-2.602085213965210642e-18
-8.673617379884035472e-19
4.336808689942017736e-19
-8.673617379884035472e-19
-4.336808689942017736e-19
-8.673617379884035472e-19
-1.734723475976807094e-18
-4.336808689942017736e-19
-8.673617379884035472e-19
-1.301042606982605321e-18
-1.734723475976807094e-18
4.336808689942017736e-19
-1.301042606982605321e-18
4.336808689942017736e-19
4.336808689942017736e-19
-4.336808689942017736e-19
-2.168404344971008868e-18
4.336808689942017736e-19
-1.734723475976807094e-18
-1.301042606982605321e-18
-2.168404344971008868e-18
-2.168404344971008868e-18
-3.035766082959412415e-18
1.734723475976807094e-18
-2.168404344971008868e-18
-3.035766082959412415e-18
-1.734723475976807094e-18
0.000000000000000000e+00
-1.734723475976807094e-18
1.734723475976807094e-18
-2.602085213965210642e-18
-2.602085213965210642e-18
4.336808689942017736e-19
-4.336808689942017736e-19
-1.301042606982605321e-18
0.000000000000000000e+00
0.000000000000000000e+00
-1.301042606982605321e-18
-1.734723475976807094e-18
-4.336808689942017736e-19
-1.734723475976807094e-18
-3.903127820947815962e-18
0.000000000000000000e+00
-3.469446951953614189e-18
1.301042606982605321e-18
0.000000000000000000e+00
-1.734723475976807094e-18
-4.336808689942017736e-19
0.000000000000000000e+00
0.000000000000000000e+00
-8.673617379884035472e-19
2.168404344971008868e-18
-3.035766082959412415e-18
4.336808689942017736e-19
-4.770489558936219510e-18
4.336808689942017736e-19
-2.602085213965210642e-18
-1.301042606982605321e-18
0.000000000000000000e+00
-2.168404344971008868e-18
-4.336808689942017736e-19
-1.734723475976807094e-18
-4.336808689942017736e-19
-2.602085213965210642e-18
-8.673617379884035472e-19
0.000000000000000000e+00
-4.336808689942017736e-19
2.168404344971008868e-18
-1.301042606982605321e-18
-8.673617379884035472e-19
-4.336808689942017736e-19
-1.734723475976807094e-18
0.000000000000000000e+00
0.000000000000000000e+00
4.336808689942017736e-19
-1.301042606982605321e-18
-1.301042606982605321e-18
-4.336808689942017736e-19
-2.168404344971008868e-18
-8.673617379884035472e-19
1.734723475976807094e-18
-2.168404344971008868e-18
-1.734723475976807094e-18
-1.301042606982605321e-18
8.673617379884035472e-19
2.602085213965210642e-18
-3.469446951953614189e-18
-2.602085213965210642e-18
-1.301042606982605321e-18
-4.336808689942017736e-19
-8.673617379884035472e-19
-3.035766082959412415e-18
8.673617379884035472e-19
-1.734723475976807094e-18
-3.035766082959412415e-18
-4.336808689942017736e-19
-4.336808689942017736e-19
-2.168404344971008868e-18
4.336808689942017736e-19
-4.336808689942017736e-19
-2.168404344971008868e-18
-1.301042606982605321e-18
-3.903127820947815962e-18
4.336808689942017736e-19
4.336808689942017736e-19
-8.673617379884035472e-19
8.673617379884035472e-19
-4.336808689942017736e-19
-1.301042606982605321e-18
-3.469446951953614189e-18
-8.673617379884035472e-19
2.602085213965210642e-18
-3.035766082959412415e-18
-2.602085213965210642e-18
4.336808689942017736e-19
8.673617379884035472e-19
-3.035766082959412415e-18
1.734723475976807094e-18
-1.301042606982605321e-18
1.301042606982605321e-18
-3.903127820947815962e-18
-2.602085213965210642e-18
-4.336808689942017736e-19
-2.602085213965210642e-18
2.602085213965210642e-18
-4.336808689942017736e-19
-1.734723475976807094e-18
-4.336808689942017736e-19
-4.336808689942017736e-19
0.000000000000000000e+00
-1.734723475976807094e-18
0.000000000000000000e+00
1.301042606982605321e-18
1.301042606982605321e-18
-2.168404344971008868e-18
8.673617379884035472e-19
2.168404344971008868e-18
-2.602085213965210642e-18
-1.734723475976807094e-18
-2.168404344971008868e-18
-1.734723475976807094e-18
0.000000000000000000e+00
-1.301042606982605321e-18
4.336808689942017736e-19
-8.673617379884035472e-19
-3.035766082959412415e-18
-4.336808689942017736e-19
0.000000000000000000e+00
-1.301042606982605321e-18
-2.168404344971008868e-18
-1.734723475976807094e-18
2.168404344971008868e-18
8.673617379884035472e-19
-4.336808689942017736e-19
4.336808689942017736e-19
2.168404344971008868e-18
2.602085213965210642e-18
0.000000000000000000e+00
-4.336808689942017736e-19
-1.734723475976807094e-18
-1.301042606982605321e-18
0.000000000000000000e+00
-4.336808689942017736e-19
1.734723475976807094e-18
4.336808689942017736e-19
1.301042606982605321e-18
-3.035766082959412415e-18
-1.734723475976807094e-18
8.673617379884035472e-19
8.673617379884035472e-19
-2.602085213965210642e-18
-1.301042606982605321e-18
-4.336808689942017736e-19
-1.301042606982605321e-18
